自由,adv,3,0.044780732487707,38.0,0.155058,131579.0
だれ,n,2,0.05115682593726963,44.0,0.152981,131579.0
撮影,n,4,0.024711998115200754,20.0,0.162579,131579.0
アカウント,n,5,0.039305360277855896,36.0,0.14366,131579.0
携帯,n,4,0.06204628398148641,46.0,0.177478,131579.0
体,n,3,0.039227840308863886,30.0,0.172052,131579.0
め,n,1,0.09639091344363464,70.0,0.181186,131579.0
別,n,2,0.038895644441742226,30.0,0.170595,131579.0
小学生,n,6,0.007411973035210786,4.0,0.243815,131579.0
物,n,2,0.036663297334681065,30.0,0.160804,131579.0
男,n,3,0.08944401462239417,58.0,0.202913,131579.0
大阪市,n,5,0.060588574164570336,44.0,0.181186,131579.0
うち,n,2,0.2400946959621216,140.0,0.225653,131579.0
イチロー,n,4,1.2760923247630702,38.0,4.418604,131579.0
紹介,n,4,0.07640048943980422,60.0,0.167545,131579.0
半端,adv,3,0.19344387782244887,48.0,0.530274,131579.0
世界,n,3,0.18291976683209327,120.0,0.20057,131579.0
学校,n,4,0.13190126083949563,68.0,0.255227,131579.0
お待ち,n,3,0.09083884206446317,62.0,0.192782,131579.0
名古屋,n,3,0.11080327407869037,76.0,0.191834,131579.0
公開,n,4,0.1421584295366282,98.0,0.190868,131579.0
ホント,n,3,0.05244166622333351,42.0,0.164291,131579.0
規制,n,3,0.024674150130339946,24.0,0.135275,131579.0
素敵,adv,3,0.08732685306925878,58.0,0.19811,131579.0
オススメ,n,4,0.059214084314366276,30.0,0.259711,131579.0
利用,n,3,0.02391810243275903,18.0,0.17484,131579.0
状態,n,4,0.06276454449418221,48.0,0.172052,131579.0
嘘,n,2,0.04515705393717843,40.0,0.148543,131579.0
雰囲気,n,4,0.038969805212077914,34.0,0.150812,131579.0
絶対,n,4,0.05612780154887938,40.0,0.184631,131579.0
可能,adv,3,0.09033806306477477,64.0,0.185728,131579.0
性,n,2,0.08419170232331907,60.0,0.184631,131579.0
動画,n,3,0.08060170695931722,54.0,0.196398,131579.0
拡散希望,n,7,0.06866071333571466,46.0,0.196398,131579.0
いじめ,n,3,0.007413599434560226,6.0,0.162579,131579.0
失敗,n,4,0.021484294606282154,18.0,0.157049,131579.0
ページ,n,3,0.03776824569270172,34.0,0.146162,131579.0
猫,n,2,0.0343851222459511,30.0,0.150812,131579.0
い,n,1,0.04554617378153049,30.0,0.199764,131579.0
テンション,n,4,0.033420013831994465,28.0,0.157049,131579.0
一日,n,4,0.07177323129070748,50.0,0.188877,131579.0
変,adv,2,0.07640048943980422,60.0,0.167545,131579.0
選択,n,4,0.023871438451424618,20.0,0.157049,131579.0
金運,n,5,0.02665993813602474,24.0,0.146162,131579.0
開催,n,4,0.09109234756306098,60.0,0.199764,131579.0
土,n,1,0.0518608592556563,40.0,0.170595,131579.0
音楽,n,4,0.02199797840080864,18.0,0.160804,131579.0
はず,n,2,0.08578978408408636,58.0,0.194623,131579.0
下,n,2,0.04107602276959089,34.0,0.158963,131579.0
す,n,1,0.07937106225157509,55.0,0.189883,131579.0
結婚,n,4,0.03341296103481558,26.0,0.169094,131579.0
びっくり,n,4,0.04074692770122892,32.0,0.167545,131579.0
先生,n,4,0.09287302685078926,60.0,0.203669,131579.0
確認,n,4,0.020921514831394067,16.0,0.172052,131579.0
不安,adv,3,0.031103261158695536,28.0,0.146162,131579.0
ライブ,n,3,0.04234596706161318,30.0,0.185728,131579.0
チェック,n,3,0.04626409989436005,36.0,0.169094,131579.0
来週,n,4,0.034219077512369,28.0,0.160804,131579.0
ビール,n,3,0.04242385183045927,36.0,0.155058,131579.0
購入,n,4,0.06992222163111135,56.0,0.164291,131579.0
男性,n,4,0.038969805212077914,34.0,0.150812,131579.0
よ,n,1,0.02750809779676088,24.0,0.150812,131579.0
娘,n,3,0.017773292090683162,16.0,0.146162,131579.0
天気,n,3,0.04316263233494706,32.0,0.177478,131579.0
大人,n,3,0.06672239491104204,54.0,0.162579,131579.0
試合,n,3,0.10669269412292234,78.0,0.179981,131579.0
名,n,1,0.04968859772456092,38.0,0.172052,131579.0
終了,n,4,0.07597783840886464,46.0,0.217328,131579.0
旅行予約,n,6,0.06482607406957037,50.0,0.170595,131579.0
最低価格保証,n,10,0.06482607406957037,50.0,0.170595,131579.0
本気,n,3,0.04006697117321153,34.0,0.155058,131579.0
たま,n,2,0.09438199864720054,69.0,0.179981,131579.0
女,n,3,0.06694723322110671,50.0,0.176177,131579.0
先,n,2,0.07666268933492426,54.0,0.1868,131579.0
木,n,1,0.07344136982345208,26.0,0.371667,131579.0
ユーザー,n,4,0.004888439644624142,4.0,0.160804,131579.0
皆様,n,4,0.06446627501348999,44.0,0.192782,131579.0
放送,n,4,0.17708816756473297,102.0,0.228442,131579.0
成功,n,4,0.04783620486551806,36.0,0.17484,131579.0
度,n,1,0.12072064691174124,82.0,0.193711,131579.0
海,n,2,0.06962861854855258,48.0,0.190868,131579.0
感謝,n,3,0.038037133585146564,28.0,0.178746,131579.0
速報,n,4,0.04811241915503234,26.0,0.243484,131579.0
番組,n,4,0.09755720897711641,64.0,0.20057,131579.0
正直,adv,4,0.04813917114433154,42.0,0.150812,131579.0
途中,n,3,0.035546584181366324,32.0,0.146162,131579.0
ラジオ,n,3,0.06947230181107927,12.0,0.761758,131579.0
後,n,2,0.09033806306477477,64.0,0.185728,131579.0
絵,n,1,0.044064417574232975,32.0,0.181186,131579.0
安定,adv,4,0.026886418045432785,22.0,0.160804,131579.0
次,n,2,0.12855072617970953,84.0,0.201364,131579.0
キャラ,n,2,0.03598318880672447,28.0,0.169094,131579.0
道,n,2,0.031032869986852,26.0,0.157049,131579.0
結局,n,4,0.018338731864507254,16.0,0.150812,131579.0
風,n,2,0.04787906884837246,30.0,0.209996,131579.0
会,n,2,0.034219077512369,28.0,0.160804,131579.0
妹,n,4,0.04399595680161728,36.0,0.160804,131579.0
今週,n,4,0.07463838454464619,44.0,0.223201,131579.0
無料,n,3,0.018602482159007137,16.0,0.152981,131579.0
電車,n,3,0.08310672675730929,44.0,0.248525,131579.0
アルバム,n,4,0.031103261158695536,28.0,0.146162,131579.0
花,n,2,0.034548370180651926,26.0,0.17484,131579.0
全て,n,3,0.037204964318014275,32.0,0.152981,131579.0
枚,n,2,0.04160621375751449,28.0,0.195518,131579.0
件,n,2,0.022701266919493233,18.0,0.165945,131579.0
以上,n,3,0.02657860296855881,22.0,0.158963,131579.0
点,n,2,0.03177485769005692,26.0,0.160804,131579.0
夏休み,n,5,0.11274937490025004,70.0,0.211935,131579.0
自転車,n,4,0.011784403286238686,10.0,0.155058,131579.0
隣,n,3,0.03667746372901451,32.0,0.150812,131579.0
完全,adv,4,0.11393790802483679,76.0,0.197261,131579.0
ホテル予約,n,6,0.04006697117321153,34.0,0.155058,131579.0
格安ホテル,n,7,0.04006697117321153,34.0,0.155058,131579.0
横,n,2,0.02826054309578276,18.0,0.206583,131579.0
国民,n,4,0.03357563136974745,18.0,0.245436,131579.0
ネタ,n,2,0.024972222011111194,20.0,0.164291,131579.0
女子,n,2,0.02391810243275903,18.0,0.17484,131579.0
最初,n,3,0.07904580518167792,56.0,0.185728,131579.0
放題,n,4,0.036302601478959404,28.0,0.170595,131579.0
金,n,2,0.10060222375911049,60.0,0.220619,131579.0
家族,n,3,0.021435335425865832,20.0,0.141022,131579.0
金曜日,n,5,0.009321274671490134,6.0,0.204414,131579.0
ぼく,n,2,0.045846829661268136,40.0,0.150812,131579.0
者,n,2,0.010546728581308567,8.0,0.173466,131579.0
祭り,n,3,0.017991594403362236,14.0,0.169094,131579.0
嵐,n,3,0.0647439485024206,48.0,0.177478,131579.0
企画,n,3,0.04259038296384682,30.0,0.1868,131579.0
表紙,n,3,0.023666147333541065,16.0,0.194623,131579.0
ご覧,n,3,0.044778726088509566,30.0,0.196398,131579.0
お腹,n,3,0.13438542624582947,60.0,0.294705,131579.0
存在,n,4,0.034879654048138385,30.0,0.152981,131579.0
際,n,2,0.04074692770122892,32.0,0.167545,131579.0
上,n,2,0.08876121569551372,58.0,0.201364,131579.0
現在,n,4,0.0637816064873574,48.0,0.17484,131579.0
お客様,n,5,0.07423789510484195,52.0,0.187849,131579.0
他人,n,3,0.048831515667393736,42.0,0.152981,131579.0
一度,n,3,0.028325477469809013,21.0,0.177478,131579.0
当店,n,4,0.038978758008496796,26.0,0.197261,131579.0
授業,n,3,0.03535320985871605,30.0,0.155058,131579.0
今年,n,3,0.1169362740254904,78.0,0.197261,131579.0
対応,n,4,0.04494999962000015,36.0,0.164291,131579.0
腹,n,2,0.030229033508386596,26.0,0.152981,131579.0
梅田,n,3,0.042521070991571604,32.0,0.17484,131579.0
無駄,adv,2,0.018745225301909876,14.0,0.176177,131579.0
時報,n,3,0.04949449380220248,42.0,0.155058,131579.0
一言,n,4,0.023253102698758923,20.0,0.152981,131579.0
恋,n,2,0.012081183167526733,10.0,0.158963,131579.0
間違い,n,4,0.040754071698371315,30.0,0.178746,131579.0
本,n,2,0.06603137278745087,46.0,0.188877,131579.0
運勢,n,4,0.04631529347388261,20.0,0.304706,131579.0
恋愛運,n,6,0.05013038554784578,22.0,0.299823,131579.0
健康,adv,4,0.05125562589774964,38.0,0.177478,131579.0
国,n,2,0.035313081874767255,28.0,0.165945,131579.0
準備,n,3,0.018855045257981897,16.0,0.155058,131579.0
瞬間最高視聴率,n,13,0.7479943152022739,374.0,0.263156,131579.0
フジテレビ,n,5,0.1457937816824873,100.0,0.191834,131579.0
ニュース,n,3,0.03279071888371244,26.0,0.165945,131579.0
熱中症,n,6,0.17737562984974806,62.0,0.376434,131579.0
名様,n,4,0.024291292683482926,16.0,0.199764,131579.0
商品,n,4,0.04209585116165954,30.0,0.184631,131579.0
音,n,2,0.037067997172801126,30.0,0.162579,131579.0
総合,n,4,0.2997777912888835,62.0,0.636201,131579.0
募集,n,3,0.02657860296855881,22.0,0.158963,131579.0
外,n,2,0.08812883514846595,64.0,0.181186,131579.0
歯,n,1,0.014701190919523634,8.0,0.241796,131579.0
ナンパ,n,3,0.08701786759285296,4.0,2.862431,131579.0
日本テレビ,n,6,0.13646396461441415,48.0,0.374079,131579.0
テレビ朝日,n,6,0.09267538132984746,34.0,0.358651,131579.0
息子,n,3,0.014763206894717242,8.0,0.242816,131579.0
販売,n,4,0.030842733262906694,24.0,0.169094,131579.0
話題,n,3,0.060588574164570336,44.0,0.181186,131579.0
開始,n,3,0.06212363675054529,42.0,0.194623,131579.0
今夜,n,3,0.08123338830664467,56.0,0.190868,131579.0
経験,n,4,0.07019396712241316,28.0,0.329859,131579.0
質問,n,4,0.04593486802605279,32.0,0.188877,131579.0
スタート,n,4,0.013389446644221344,10.0,0.176177,131579.0
千代田区,n,4,0.09085948365620654,64.0,0.1868,131579.0
発生,n,4,0.022526846989261204,12.0,0.247005,131579.0
ひと,n,2,0.031411076235569504,26.0,0.158963,131579.0
スタッフ,n,4,0.008833218066712775,6.0,0.193711,131579.0
実現,n,4,0.0033288138684744524,2.0,0.219001,131579.0
安心,n,4,0.03793498962600415,24.0,0.207977,131579.0
いかが,adv,3,0.023112548354980656,22.0,0.138233,131579.0
提供,n,4,0.02709423236230706,24.0,0.148543,131579.0
バス,n,2,0.031032869986852,26.0,0.157049,131579.0
名古屋市中区,n,7,0.0320927807628877,28.0,0.150812,131579.0
名古屋市中村区,n,9,0.031411076235569504,26.0,0.158963,131579.0
人気,n,3,0.029800439279824287,26.0,0.150812,131579.0
大阪市北区,n,8,0.037835444865822056,30.0,0.165945,131579.0
席,n,2,0.037204964318014275,32.0,0.152981,131579.0
ちょ,n,1,0.019278182688726928,14.0,0.181186,131579.0
空,n,2,0.023337386665045333,18.0,0.170595,131579.0
それぞれ抽選,n,8,0.002325310269875892,2.0,0.152981,131579.0
つくば市,n,4,0.06643917342433062,50.0,0.17484,131579.0
入荷,n,3,0.06885065245973902,50.0,0.181186,131579.0
人たち,n,4,0.014115322353871059,10.0,0.185728,131579.0
火,n,1,0.03556423137430745,26.0,0.179981,131579.0
嫌,adv,2,0.018151300739479702,14.0,0.170595,131579.0
ゲスト,n,3,0.02037346385061446,16.0,0.167545,131579.0
秋葉原,n,5,0.0219886760045296,12.0,0.241104,131579.0
読売新聞,n,8,0.013075946769621292,10.0,0.172052,131579.0
沢山,n,4,0.008828270468691814,7.0,0.165945,131579.0
おはよう,感動詞,4,0.5288382188647125,252.0,0.276127,131579.0
迎える,v,3,0.01400675639729744,11.0,0.167545,131579.0
起こす,v,3,0.01444079982368007,13.0,0.146162,131579.0
かく,adv,2,0.019994953602018556,18.0,0.146162,131579.0
がる,v,2,0.027719012912394835,20.0,0.182362,131579.0
遅れる,v,3,0.023303186678725333,15.0,0.204414,131579.0
やはり,adv,3,0.017903578838568465,15.0,0.157049,131579.0
住む,v,2,0.04650742139703144,35.0,0.17484,131579.0
忘れる,v,3,0.07948696980521208,48.0,0.217892,131579.0
うーん,感動詞,3,0.016913656434537426,14.0,0.158963,131579.0
始まる,v,4,0.09132514306994277,59.0,0.203669,131579.0
かかる,v,3,0.05508052196779122,40.0,0.181186,131579.0
おわる,v,3,0.023253102698758923,20.0,0.152981,131579.0
致す,v,3,0.0800473479810608,50.0,0.210651,131579.0
えっ,感動詞,2,0.0710792147683141,49.0,0.190868,131579.0
頂ける,v,4,0.006975930809627676,6.0,0.152981,131579.0
つく,v,2,0.08458635496545801,53.0,0.209996,131579.0
聴く,v,2,0.062053739578504165,43.0,0.189883,131579.0
深い,adj,2,0.029233236306705476,22.0,0.17484,131579.0
語る,v,3,0.05508052196779122,40.0,0.181186,131579.0
まくる,v,3,0.029582684166926332,20.0,0.194623,131579.0
まず,adv,2,0.027469444212222312,22.0,0.164291,131579.0
止まる,v,3,0.03657426337029465,29.0,0.165945,131579.0
決める,v,2,0.040407086237165504,28.0,0.189883,131579.0
ええ,adj,2,0.04069265612293754,29.0,0.184631,131579.0
決まる,v,3,0.03975102409959036,28.0,0.1868,131579.0
盛り上がる,v,5,0.017676604929358027,15.0,0.155058,131579.0
いよいよ,adv,4,0.028718055312777872,23.0,0.164291,131579.0
落ちる,v,2,0.06990509123796351,42.0,0.219001,131579.0
たつ,v,2,0.035006079997568,27.0,0.170595,131579.0
とにかく,adv,4,0.011461707415317034,10.0,0.150812,131579.0
負ける,v,2,0.05487593004962797,36.0,0.20057,131579.0
ふむ,v,2,0.11686912805234878,73.0,0.210651,131579.0
使える,v,4,0.029104963558014577,21.0,0.182362,131579.0
付ける,v,2,0.031913033234786704,17.0,0.247005,131579.0
上手い,adj,3,0.02579844808062077,13.0,0.261118,131579.0
殺す,v,3,0.008886646045341581,8.0,0.146162,131579.0
流す,v,3,0.019613920154431943,15.0,0.172052,131579.0
しる,v,2,0.019191747923300834,17.0,0.148543,131579.0
なるほど,感動詞,4,0.018917722432911028,15.0,0.165945,131579.0
かしこい,adj,4,0.03399746160101536,26.0,0.172052,131579.0
宜しい,adj,4,0.019329893068042774,16.0,0.158963,131579.0
いきなり,adv,4,0.00687702444919022,6.0,0.150812,131579.0
くい,adj,1,0.01432286307085477,12.0,0.157049,131579.0
はぁ,感動詞,1,0.02413455034617986,17.0,0.1868,131579.0
こう,adv,2,0.041310391475843415,30.0,0.181186,131579.0
ぼる,v,2,0.047973856010457595,32.0,0.197261,131579.0
なでる,v,2,0.0181217747512901,15.0,0.158963,131579.0
超える,v,2,0.03049091420363432,22.0,0.182362,131579.0
涼しい,adj,4,0.02318369952652019,14.0,0.217892,131579.0
さて,conj,2,0.040192568722972506,29.0,0.182362,131579.0
きる,v,2,0.011784403286238686,10.0,0.155058,131579.0
残る,v,3,0.01449741980103208,12.0,0.158963,131579.0
落とす,v,3,0.024442198223120708,20.0,0.160804,131579.0
しばらく,adv,4,0.01575855569657772,15.0,0.138233,131579.0
悩む,v,3,0.022314807074077174,16.0,0.18351,131579.0
向かう,v,3,0.018745225301909876,14.0,0.176177,131579.0
聞こえる,v,3,0.017903578838568465,15.0,0.157049,131579.0
続く,v,3,0.0844298862280455,50.0,0.222184,131579.0
止める,v,2,0.006040591583763366,5.0,0.158963,131579.0
なんだか,adv,4,0.015285417885832844,14.0,0.14366,131579.0
ゆっくり,adv,4,0.023476398209440717,19.0,0.162579,131579.0
間に合う,v,4,0.025370484651806136,21.0,0.158963,131579.0
動く,v,3,0.013389446644221344,10.0,0.176177,131579.0
なんとか,adv,4,0.011935719225712309,10.0,0.157049,131579.0
ふふふ,感動詞,3,0.008874805250077899,6.0,0.194623,131579.0
立つ,v,2,0.026163247934700828,19.0,0.181186,131579.0
イイ,adj,2,0.022229109508356198,17.0,0.172052,131579.0
すく,v,2,0.016377233449106618,15.0,0.14366,131579.0
返す,v,3,0.01588742884502846,13.0,0.160804,131579.0
痛い,adj,3,0.10676205169517933,68.0,0.206583,131579.0
甘い,adj,3,0.022040865183653925,17.0,0.170595,131579.0
巻き込む,v,4,0.007318918672432531,4.0,0.240754,131579.0
空く,v,2,0.019097150761139693,16.0,0.157049,131579.0
恥ずかしい,adj,5,0.020775868489652603,17.0,0.160804,131579.0
引く,v,2,0.019100122359951056,15.0,0.167545,131579.0
ってか,conj,3,0.014193602322559073,13.0,0.14366,131579.0
減る,v,2,0.020033485586605764,17.0,0.155058,131579.0
食う,v,2,0.04162847414861034,29.0,0.188877,131579.0
降る,v,2,0.007463121014751594,5.0,0.196398,131579.0
うつ,v,2,0.011120399151840338,9.0,0.162579,131579.0
眠れる,v,4,0.010918155632737746,10.0,0.14366,131579.0
開く,v,3,0.03405190037923985,27.0,0.165945,131579.0
優しい,adj,4,0.021484294606282154,18.0,0.157049,131579.0
流れる,v,3,0.03020295791881683,25.0,0.158963,131579.0
らっしゃる,v,4,0.009031410787435686,8.0,0.148543,131579.0
こむ,v,2,0.015280097887960841,12.0,0.167545,131579.0
なんと,adv,3,0.04648614140554344,28.0,0.21845,131579.0
そのまま,adv,4,0.016838340464663815,12.0,0.184631,131579.0
開ける,v,3,0.009427522628990949,8.0,0.155058,131579.0
答える,v,3,0.00793093122762751,4.0,0.260886,131579.0
悲しい,adj,3,0.021531969387212243,15.0,0.188877,131579.0
稼ぐ,v,3,0.007775815289673884,7.0,0.146162,131579.0
目指す,v,3,0.012219138312344674,11.0,0.146162,131579.0
歩く,v,3,0.03319311592275363,21.0,0.207977,131579.0
置く,v,2,0.022701266919493233,18.0,0.165945,131579.0
早速,adv,4,0.015731932907226836,8.0,0.258749,131579.0
くう,v,2,0.012607878156848738,11.0,0.150812,131579.0
踊る,v,3,0.015516434993426,13.0,0.157049,131579.0
こんにちは,感動詞,5,0.03105370917851633,22.0,0.185728,131579.0
わぁ,感動詞,1,0.018533998586400563,15.0,0.162579,131579.0
つくる,v,3,0.021746129701548118,18.0,0.158963,131579.0
晴れる,v,2,0.08851480859407657,33.0,0.35293,131579.0
売れる,v,3,0.009884799246080302,8.0,0.162579,131579.0
過ごす,v,3,0.013591598963360416,11.0,0.162579,131579.0
ござる,v,3,0.01588742884502846,13.0,0.160804,131579.0
きく,v,2,0.020446758221296712,12.0,0.224197,131579.0
着く,v,2,0.011668693332522666,9.0,0.170595,131579.0
断れる,v,4,0.033988212404715036,1.0,4.472135,131579.0
繋がる,v,4,0.011768352092659164,9.0,0.172052,131579.0
いいえ,感動詞,3,0.010908252836698867,1.0,1.435297,131579.0
