はず,n,2,0.07607796661365837,44.0,0.194623,112561.0
試合,n,3,0.08634406233064738,54.0,0.179981,112561.0
名様,n,4,0.031944918755163865,18.0,0.199764,112561.0
先生,n,4,0.08685168042217108,48.0,0.203669,112561.0
購入,n,4,0.035029752756283256,24.0,0.164291,112561.0
ちょ,n,1,0.04185140501594691,26.0,0.181186,112561.0
本,n,2,0.0704758664190972,42.0,0.188877,112561.0
うち,n,2,0.21650948374659074,108.0,0.225653,112561.0
終了,n,4,0.0733687867023214,38.0,0.217328,112561.0
件,n,2,0.020639742006556445,14.0,0.165945,112561.0
妹,n,4,0.03428626255985644,24.0,0.160804,112561.0
学校,n,4,0.1133727489983209,50.0,0.255227,112561.0
だれ,n,2,0.04077282540133795,30.0,0.152981,112561.0
男,n,3,0.11537239363545101,64.0,0.202913,112561.0
ギャグ,n,2,0.12140130240491821,4.0,3.416263,112561.0
海,n,2,0.061044660228676,36.0,0.190868,112561.0
夏休み,n,5,0.03765691491724488,20.0,0.211935,112561.0
今週,n,4,0.1070784197013175,54.0,0.223201,112561.0
上,n,2,0.11806952674549799,66.0,0.201364,112561.0
素敵,adv,3,0.13024173559225663,74.0,0.19811,112561.0
名古屋,n,3,0.12952429349419425,76.0,0.191834,112561.0
たま,n,2,0.07834924174447633,49.0,0.179981,112561.0
変,adv,2,0.05060838123328684,34.0,0.167545,112561.0
音,n,2,0.05777454002718526,40.0,0.162579,112561.0
嫌,adv,2,0.05456081591314931,36.0,0.170595,112561.0
紹介,n,4,0.06847016284503513,46.0,0.167545,112561.0
別,n,2,0.03940503371505228,26.0,0.170595,112561.0
完全,adv,4,0.11215877613027601,64.0,0.197261,112561.0
開始,n,3,0.06916178783059851,40.0,0.194623,112561.0
金,n,2,0.04311989054823606,22.0,0.220619,112561.0
表紙,n,3,0.034580893915299254,20.0,0.194623,112561.0
体,n,3,0.06725498174323256,44.0,0.172052,112561.0
無料,n,3,0.03261826032107035,24.0,0.152981,112561.0
ぼく,n,2,0.01339824628423699,10.0,0.150812,112561.0
最初,n,3,0.08250104387843037,50.0,0.185728,112561.0
授業,n,3,0.03030602073542346,22.0,0.155058,112561.0
感謝,n,3,0.04128779950426879,26.0,0.178746,112561.0
放題,n,4,0.042436190154671684,28.0,0.170595,112561.0
正直,adv,4,0.042874388109558376,32.0,0.150812,112561.0
よ,n,1,0.05627263439379536,42.0,0.150812,112561.0
会,n,2,0.04857220529312995,34.0,0.160804,112561.0
音楽,n,4,0.06000095947974876,42.0,0.160804,112561.0
番組,n,4,0.03563756540897824,20.0,0.20057,112561.0
いじめ,n,3,0.02888727001359263,20.0,0.162579,112561.0
質問,n,4,0.15773170103321754,94.0,0.188877,112561.0
小学生,n,6,0.017328559625447534,8.0,0.243815,112561.0
来週,n,4,0.05428658238643935,38.0,0.160804,112561.0
ゲスト,n,3,0.023815708815664395,16.0,0.167545,112561.0
成功,n,4,0.04349215092261084,28.0,0.17484,112561.0
間違い,n,4,0.12068741393555493,76.0,0.178746,112561.0
い,n,1,0.04969209584136601,28.0,0.199764,112561.0
め,n,1,0.09014148772665488,56.0,0.181186,112561.0
祭り,n,3,0.04807178329972193,32.0,0.169094,112561.0
確認,n,4,0.042798624745693445,28.0,0.172052,112561.0
ラジオ,n,3,0.14888527998152115,22.0,0.761758,112561.0
商品,n,4,0.05576935172928456,34.0,0.184631,112561.0
時報,n,3,0.03030602073542346,22.0,0.155058,112561.0
際,n,2,0.08930890805874148,60.0,0.167545,112561.0
皆様,n,4,0.1575673990103144,92.0,0.192782,112561.0
安心,n,4,0.14781460719076767,80.0,0.207977,112561.0
絶対,n,4,0.05904990183100719,36.0,0.184631,112561.0
物,n,2,0.04571501674647525,32.0,0.160804,112561.0
不安,adv,3,0.031164328675118372,24.0,0.146162,112561.0
可能,adv,3,0.07260091861301872,44.0,0.185728,112561.0
性,n,2,0.05576935172928456,34.0,0.184631,112561.0
隣,n,3,0.03483544033901618,26.0,0.150812,112561.0
電車,n,3,0.0883165572445163,40.0,0.248525,112561.0
ホント,n,3,0.06714035944954291,46.0,0.164291,112561.0
腹,n,2,0.04077282540133795,30.0,0.152981,112561.0
今夜,n,3,0.061044660228676,36.0,0.190868,112561.0
いかが,adv,3,0.02701758157798882,22.0,0.138233,112561.0
世界,n,3,0.09265767006334343,52.0,0.20057,112561.0
土,n,1,0.042436190154671684,28.0,0.170595,112561.0
発生,n,4,0.035110562272900915,16.0,0.247005,112561.0
ライブ,n,3,0.10560133616439087,64.0,0.185728,112561.0
入荷,n,3,0.04185140501594691,26.0,0.181186,112561.0
対応,n,4,0.029191460630236046,20.0,0.164291,112561.0
状態,n,4,0.058083847869155394,38.0,0.172052,112561.0
席,n,2,0.02990007196098116,22.0,0.152981,112561.0
今年,n,3,0.08411908209770701,48.0,0.197261,112561.0
公開,n,4,0.05426192020326756,32.0,0.190868,112561.0
アルバム,n,4,0.020776219116745584,16.0,0.146162,112561.0
健康,adv,4,0.04414836399818765,28.0,0.177478,112561.0
風,n,2,0.11193717184459981,60.0,0.209996,112561.0
下,n,2,0.019771341761356063,14.0,0.158963,112561.0
沢山,n,4,0.044228018585478104,30.0,0.165945,112561.0
一日,n,4,0.036915930029050914,22.0,0.188877,112561.0
次,n,1,0.12164739119233127,68.0,0.201364,112561.0
運勢,n,4,0.04872653938753209,18.0,0.304706,112561.0
恋愛運,n,6,0.04261838469807482,16.0,0.299823,112561.0
金運,n,5,0.020776219116745584,16.0,0.146162,112561.0
嵐,n,3,0.01576727285649559,10.0,0.177478,112561.0
準備,n,3,0.044081484706070484,32.0,0.155058,112561.0
お腹,n,3,0.04712724655964322,18.0,0.294705,112561.0
安定,adv,4,0.03142907401320173,22.0,0.160804,112561.0
名,n,1,0.07031202636792495,46.0,0.172052,112561.0
国,n,2,0.03538241486838248,24.0,0.165945,112561.0
キャラ,n,2,0.033049351018558826,22.0,0.169094,112561.0
後,n,2,0.1122014196746653,68.0,0.185728,112561.0
スタート,n,4,0.0250427057328915,16.0,0.176177,112561.0
動画,n,3,0.0977095796945656,56.0,0.196398,112561.0
拡散希望,n,7,0.11515771892573805,66.0,0.196398,112561.0
道,n,2,0.03348563001394799,24.0,0.157049,112561.0
先,n,2,0.049786338074466294,30.0,0.1868,112561.0
他人,n,3,0.03805463704124874,28.0,0.152981,112561.0
規制,n,3,0.026439441724931373,22.0,0.135275,112561.0
娘,n,3,0.012985136947965992,10.0,0.146162,112561.0
秋葉原,n,5,0.017135881877382044,8.0,0.241104,112561.0
アカウント,n,5,0.030630857934808683,24.0,0.14366,112561.0
選択,n,4,0.039066568349605986,28.0,0.157049,112561.0
テンション,n,4,0.03348563001394799,24.0,0.157049,112561.0
花,n,2,0.04349215092261084,28.0,0.17484,112561.0
放送,n,4,0.04870788283686179,24.0,0.228442,112561.0
国民,n,4,0.03924847860271319,18.0,0.245436,112561.0
途中,n,3,0.007791082168779593,6.0,0.146162,112561.0
人気,n,3,0.04555403736640578,34.0,0.150812,112561.0
大人,n,3,0.04621963202174821,32.0,0.162579,112561.0
バス,n,2,0.011161876671315999,8.0,0.157049,112561.0
利用,n,3,0.06523822638391628,42.0,0.17484,112561.0
絵,n,1,0.03541272732118585,22.0,0.181186,112561.0
失敗,n,4,0.06697126002789598,48.0,0.157049,112561.0
ネタ,n,2,0.046706337008377674,32.0,0.164291,112561.0
ページ,n,3,0.02337324650633878,18.0,0.146162,112561.0
現在,n,4,0.046598733131368766,30.0,0.17484,112561.0
熱中症,n,6,0.04013119997157097,12.0,0.376434,112561.0
外,n,2,0.10623818196355755,66.0,0.181186,112561.0
家族,n,3,0.03758548698039285,30.0,0.141022,112561.0
お待ち,n,3,0.0890598342232212,52.0,0.192782,112561.0
金曜日,n,5,0.02542440099146241,14.0,0.204414,112561.0
ひと,n,2,0.025420296550314938,18.0,0.158963,112561.0
人たち,n,4,0.029700375796234933,18.0,0.185728,112561.0
オススメ,n,4,0.041531240838301016,18.0,0.259711,112561.0
経験,n,4,0.07033178454349198,24.0,0.329859,112561.0
以上,n,3,0.025420296550314938,18.0,0.158963,112561.0
お客様,n,5,0.0767677437122982,46.0,0.187849,112561.0
結婚,n,4,0.09313908014321123,62.0,0.169094,112561.0
存在,n,4,0.03805463704124874,28.0,0.152981,112561.0
恋,n,2,0.04801611570615044,34.0,0.158963,112561.0
当店,n,4,0.02453473227849788,14.0,0.197261,112561.0
空,n,2,0.027280407956574656,18.0,0.170595,112561.0
度,n,1,0.03441884844662005,20.0,0.193711,112561.0
募集,n,3,0.01694686436687663,12.0,0.158963,112561.0
ユーザー,n,4,0.014285942733273514,10.0,0.160804,112561.0
名古屋市中村区,n,9,0.05366507049510932,38.0,0.158963,112561.0
雰囲気,n,4,0.050913335880100566,38.0,0.150812,112561.0
ニュース,n,3,0.038330949440747684,26.0,0.165945,112561.0
歯,n,1,0.00859253204928883,4.0,0.241796,112561.0
企画,n,3,0.006638178409928839,4.0,0.1868,112561.0
話題,n,3,0.061167438100230107,38.0,0.181186,112561.0
男性,n,4,0.03483544033901618,26.0,0.150812,112561.0
一度,n,3,0.034688000284290296,22.0,0.177478,112561.0
携帯,n,4,0.04730181856948677,30.0,0.177478,112561.0
チェック,n,3,0.05107626975595454,34.0,0.169094,112561.0
無駄,adv,2,0.01565169108305719,10.0,0.176177,112561.0
枚,n,2,0.06253185383925161,36.0,0.195518,112561.0
天気,n,3,0.06622254599728147,42.0,0.177478,112561.0
者,n,2,0.03698602535514077,24.0,0.173466,112561.0
自由,adv,3,0.038571299117811673,28.0,0.155058,112561.0
千代田区,n,4,0.1493590142233989,90.0,0.1868,112561.0
総合,n,4,0.24869043451994918,44.0,0.636201,112561.0
瞬間最高視聴率,n,13,0.3086023756007854,132.0,0.263156,112561.0
日本テレビ,n,6,0.09305365090928475,28.0,0.374079,112561.0
大阪市,n,5,0.08370281003189382,52.0,0.181186,112561.0
梅田,n,3,0.03106582208757918,20.0,0.17484,112561.0
実現,n,4,0.031129929549311038,16.0,0.219001,112561.0
開催,n,4,0.1313291104378959,74.0,0.199764,112561.0
提供,n,4,0.023754000053304435,18.0,0.148543,112561.0
ビール,n,3,0.03030602073542346,22.0,0.155058,112561.0
読売新聞,n,8,0.055026803244463005,36.0,0.172052,112561.0
販売,n,4,0.03605383747479145,24.0,0.169094,112561.0
嘘,n,2,0.015836000035536292,12.0,0.148543,112561.0
本気,n,3,0.019285649558905837,14.0,0.155058,112561.0
結局,n,4,0.03215579108216878,24.0,0.150812,112561.0
かく,n,2,0.012985136947965992,10.0,0.146162,112561.0
スタッフ,n,4,0.16865235738843828,98.0,0.193711,112561.0
それぞれ抽選,n,8,0.010872753440356785,8.0,0.152981,112561.0
女子,n,2,0.0341724042963371,22.0,0.17484,112561.0
木,n,1,0.0462268281198639,14.0,0.371667,112561.0
息子,n,3,0.01725755812403941,8.0,0.242816,112561.0
点,n,2,0.04857220529312995,34.0,0.160804,112561.0
名古屋市中区,n,7,0.05627263439379536,42.0,0.150812,112561.0
撮影,n,4,0.023109816010874105,16.0,0.162579,112561.0
す,n,1,0.037112552304972415,22.0,0.189883,112561.0
つくば市,n,4,0.05902506196640044,38.0,0.17484,112561.0
速報,n,4,0.056241362461243234,26.0,0.243484,112561.0
罰金,n,4,1.6694080898357335,36.0,5.219729,112561.0
一言,n,4,0.01902731852062437,14.0,0.152981,112561.0
猫,n,2,0.010718597027389594,8.0,0.150812,112561.0
半端,adv,3,0.028265953571841047,6.0,0.530274,112561.0
火,n,1,0.015989641172342105,10.0,0.179981,112561.0
女,n,1,0.0250427057328915,16.0,0.176177,112561.0
自転車,n,4,0.013775463970647028,10.0,0.155058,112561.0
ご覧,n,3,0.010468883538703459,6.0,0.196398,112561.0
フジテレビ,n,5,0.013634136157283608,8.0,0.191834,112561.0
大阪市北区,n,8,0.04127948401311289,28.0,0.165945,112561.0
全て,n,3,0.008154565080267587,6.0,0.152981,112561.0
テレビ朝日,n,6,0.07647074919377049,24.0,0.358651,112561.0
イチロー,n,4,0.07851038992190902,2.0,4.418604,112561.0
びっくり,n,4,0.011907854407832198,8.0,0.167545,112561.0
横,n,2,0.007341192775472854,4.0,0.206583,112561.0
ナンパ,n,3,0.05086008475404447,2.0,2.862431,112561.0
はぁ,感動詞,1,0.02323362443475093,14.0,0.1868,112561.0
使える,v,3,0.03564257602544398,22.0,0.182362,112561.0
なんと,adv,3,0.044636685885875216,23.0,0.21845,112561.0
こんにちは,感動詞,5,0.031350396673803536,19.0,0.185728,112561.0
なるほど,感動詞,4,0.026536811151286862,18.0,0.165945,112561.0
さて,conj,2,0.042123044393706524,26.0,0.182362,112561.0
まくる,v,3,0.043226117394124075,25.0,0.194623,112561.0
イイ,adj,2,0.015285223123461948,10.0,0.172052,112561.0
ぼる,v,1,0.04906946455699576,28.0,0.197261,112561.0
わぁ,感動詞,1,0.011554908005437053,8.0,0.162579,112561.0
なんだか,adv,4,0.01659171471468804,13.0,0.14366,112561.0
しばらく,adv,4,0.014736862678902994,12.0,0.138233,112561.0
えっ,感動詞,2,0.06952308526043657,41.0,0.190868,112561.0
ふむ,v,2,0.011228631586428691,6.0,0.210651,112561.0
つく,v,2,0.09141535700642318,49.0,0.209996,112561.0
くう,v,2,0.01607789554108439,12.0,0.150812,112561.0
引く,v,2,0.01637329981076927,11.0,0.167545,112561.0
優しい,adj,4,0.025114222510460995,18.0,0.157049,112561.0
やはり,adv,3,0.016742815006973995,12.0,0.157049,112561.0
語る,v,3,0.027364380202734517,17.0,0.181186,112561.0
止まる,v,3,0.014742672861826032,10.0,0.165945,112561.0
深い,adj,3,0.01553291104378959,10.0,0.17484,112561.0
こむ,v,2,0.010419372606853173,7.0,0.167545,112561.0
付ける,v,3,0.0658323042616892,30.0,0.247005,112561.0
止める,v,2,0.018359103064116346,13.0,0.158963,112561.0
いきなり,adv,4,0.009378772398965896,7.0,0.150812,112561.0
流す,v,3,0.01681374543580814,11.0,0.172052,112561.0
残る,v,3,0.014122386972397188,10.0,0.158963,112561.0
開く,v,3,0.03243388029601727,22.0,0.165945,112561.0
間に合う,v,4,0.03248149003651354,23.0,0.158963,112561.0
くい,adj,1,0.03209039543003349,23.0,0.157049,112561.0
聴く,v,2,0.08097284139266708,48.0,0.189883,112561.0
忘れる,v,3,0.10840301703076555,56.0,0.217892,112561.0
らっしゃる,v,4,0.009237666687396168,7.0,0.148543,112561.0
きく,v,2,0.03585208020539974,18.0,0.224197,112561.0
こう,v,2,0.04346107443963718,27.0,0.181186,112561.0
決まる,v,3,0.03319089204964419,20.0,0.1868,112561.0
歩く,v,3,0.02586755625838434,14.0,0.207977,112561.0
なでる,v,2,0.02400805785307522,17.0,0.158963,112561.0
とにかく,adv,4,0.01205842165581329,9.0,0.150812,112561.0
盛り上がる,v,5,0.008265278382388216,6.0,0.155058,112561.0
置く,v,2,0.01769120743419124,12.0,0.165945,112561.0
聞こえる,v,3,0.01813804959088849,13.0,0.157049,112561.0
頂ける,v,5,0.006795470900222991,5.0,0.152981,112561.0
なんとか,adv,4,0.02371898792654649,17.0,0.157049,112561.0
そのまま,adv,4,0.07053182718703636,43.0,0.184631,112561.0
落ちる,v,2,0.17121461252121073,88.0,0.219001,112561.0
甘い,adj,2,0.021218095077335842,14.0,0.170595,112561.0
うーん,感動詞,3,0.03248149003651354,23.0,0.158963,112561.0
続く,v,3,0.057243059318947055,29.0,0.222184,112561.0
負ける,v,2,0.042765078490773885,24.0,0.20057,112561.0
痛い,adj,3,0.0825884187240696,45.0,0.206583,112561.0
目指す,v,3,0.01428365064276259,11.0,0.146162,112561.0
致す,v,3,0.0954433684846439,51.0,0.210651,112561.0
まず,adv,2,0.016055303346629825,11.0,0.164291,112561.0
上手い,adj,3,0.0324770746528549,14.0,0.261118,112561.0
ええ,感動詞,2,0.05248880162756194,32.0,0.184631,112561.0
恥ずかしい,adj,5,0.024286102646564976,17.0,0.160804,112561.0
過ごす,v,3,0.012999271506116683,9.0,0.162579,112561.0
うつ,v,2,0.025998543012233366,18.0,0.162579,112561.0
つくる,v,3,0.02400805785307522,17.0,0.158963,112561.0
たつ,v,2,0.03637387727543287,24.0,0.170595,112561.0
おわる,v,3,0.012231847620401384,9.0,0.152981,112561.0
悩む,v,3,0.019563792077184814,12.0,0.18351,112561.0
すく,v,2,0.01021028597826956,8.0,0.14366,112561.0
遅れる,v,3,0.018160286422473148,10.0,0.204414,112561.0
立つ,v,2,0.01609669423690266,10.0,0.181186,112561.0
踊る,v,3,0.019533284174802993,14.0,0.157049,112561.0
住む,v,2,0.020192784356926466,13.0,0.17484,112561.0
空く,v,2,0.019533284174802993,14.0,0.157049,112561.0
流れる,v,3,0.01694686436687663,12.0,0.158963,112561.0
晴れる,v,2,0.025083643535505195,8.0,0.35293,112561.0
宜しい,adj,4,0.01694686436687663,12.0,0.158963,112561.0
動く,v,3,0.03130338216611438,20.0,0.176177,112561.0
ゆっくり,adv,4,0.01877672550883521,13.0,0.162579,112561.0
答える,v,3,0.013906379651922072,6.0,0.260886,112561.0
かかる,v,3,0.04024173559225665,25.0,0.181186,112561.0
しる,v,2,0.010557333357024192,8.0,0.148543,112561.0
巻き込む,v,4,0.012833254857366227,6.0,0.240754,112561.0
いよいよ,adv,4,0.014595730315118023,10.0,0.164291,112561.0
決める,v,2,0.04386028908769467,26.0,0.189883,112561.0
がる,v,2,0.04050292730164089,25.0,0.182362,112561.0
着く,v,2,0.024249251516955252,16.0,0.170595,112561.0
ってか,conj,3,0.014039143220120646,11.0,0.14366,112561.0
起こす,v,3,0.009089595863576194,7.0,0.146162,112561.0
食う,v,2,0.036915930029050914,22.0,0.188877,112561.0
減る,v,2,0.01515301036771173,11.0,0.155058,112561.0
おはよう,感動詞,4,0.42193871767308394,172.0,0.276127,112561.0
稼ぐ,v,3,0.012985136947965992,10.0,0.146162,112561.0
眠れる,v,3,0.006381428736418475,5.0,0.14366,112561.0
きる,v,2,0.027550927941294056,20.0,0.155058,112561.0
開ける,v,3,0.009642824779452918,7.0,0.155058,112561.0
降る,v,2,0.01744813923117243,10.0,0.196398,112561.0
返す,v,3,0.037143451106511134,26.0,0.160804,112561.0
迎える,v,3,0.013396336208811222,9.0,0.167545,112561.0
殺す,v,3,0.018179191727152388,14.0,0.146162,112561.0
向かう,v,3,0.03130338216611438,20.0,0.176177,112561.0
悲しい,adj,4,0.021813958653530082,13.0,0.188877,112561.0
売れる,v,2,0.002888727001359263,2.0,0.162579,112561.0
早速,adv,4,0.01609121276463429,7.0,0.258749,112561.0
ござる,v,3,0.02857188546654703,20.0,0.160804,112561.0
始まる,v,4,0.05609171027265217,31.0,0.203669,112561.0
落とす,v,3,0.037143451106511134,26.0,0.160804,112561.0
繋がる,v,4,0.018342267748154336,12.0,0.172052,112561.0
涼しい,adj,4,0.030972290580218727,16.0,0.217892,112561.0
超える,v,3,0.021061522196853262,13.0,0.182362,112561.0
ふふふ,感動詞,3,0.006916178783059852,4.0,0.194623,112561.0
いいえ,感動詞,3,0.012751281527349615,1.0,1.435297,112561.0
